,0,1,2,3,4,5,6,7,8,9,10,11,12,13,14,15,16,17,18,19,20,21,22,23,24,25,26,27,28,29,30,31,32,33,34,35,36,37,38,39,40,41,42,43,44,45,46,47,48,49
0,0.7003642320632935,0.8879374861717224,0.6680528521537781,0.751986563205719,0.8866108655929565,0.7199885845184326,0.7733628153800964,0.6697348952293396,0.7226799726486206,0.677873432636261,0.708224892616272,0.7155099511146545,0.7484255433082581,0.7928794026374817,0.6743634939193726,0.6739037036895752,0.7409946322441101,0.6674564480781555,0.7017179727554321,0.7445765733718872,0.7896140813827515,0.7894704937934875,0.686286211013794,0.687415599822998,0.6763025522232056,0.6560630798339844,0.7022690773010254,0.6539127826690674,0.7355587482452393,0.7912772297859192,0.6778597831726074,0.6770828366279602,0.6720742583274841,0.7133306860923767,0.6821057200431824,0.7311760783195496,0.7590725421905518,0.7774951457977295,0.7288687229156494,0.7189279198646545,0.6496985554695129,0.7186093926429749,0.7383444905281067,0.6768236756324768,0.7017305493354797,0.7365032434463501,0.7143386006355286,0.7713549733161926,0.755005419254303,0.6883091926574707
1,,,,,,,,,,,,,,,,,,,,,,,,,,,,,,,,,,,,,,,,,,,,,,,,,,
2,,,,,,,,,,,,,,,,,,,,,,,,,,,,,,,,,,,,,,,,,,,,,,,,,,
3,,,,,,,,,,,,,,,,,,,,,,,,,,,,,,,,,,,,,,,,,,,,,,,,,,
4,,,,,,,,,,,,,,,,,,,,,,,,,,,,,,,,,,,,,,,,,,,,,,,,,,
5,,,,,,,,,,,,,,,,,,,,,,,,,,,,,,,,,,,,,,,,,,,,,,,,,,
6,,,,,,,,,,,,,,,,,,,,,,,,,,,,,,,,,,,,,,,,,,,,,,,,,,
7,,,,,,,,,,,,,,,,,,,,,,,,,,,,,,,,,,,,,,,,,,,,,,,,,,
8,,,,,,,,,,,,,,,,,,,,,,,,,,,,,,,,,,,,,,,,,,,,,,,,,,
9,,,,,,,,,,,,,,,,,,,,,,,,,,,,,,,,,,,,,,,,,,,,,,,,,,
10,,,,,,,,,,,,,,,,,,,,,,,,,,,,,,,,,,,,,,,,,,,,,,,,,,
11,,,,,,,,,,,,,,,,,,,,,,,,,,,,,,,,,,,,,,,,,,,,,,,,,,
12,,,,,,,,,,,,,,,,,,,,,,,,,,,,,,,,,,,,,,,,,,,,,,,,,,
13,,,,,,,,,,,,,,,,,,,,,,,,,,,,,,,,,,,,,,,,,,,,,,,,,,
14,,,,,,,,,,,,,,,,,,,,,,,,,,,,,,,,,,,,,,,,,,,,,,,,,,
15,,,,,,,,,,,,,,,,,,,,,,,,,,,,,,,,,,,,,,,,,,,,,,,,,,
16,,,,,,,,,,,,,,,,,,,,,,,,,,,,,,,,,,,,,,,,,,,,,,,,,,
17,,,,,,,,,,,,,,,,,,,,,,,,,,,,,,,,,,,,,,,,,,,,,,,,,,
18,,,,,,,,,,,,,,,,,,,,,,,,,,,,,,,,,,,,,,,,,,,,,,,,,,
19,,,,,,,,,,,,,,,,,,,,,,,,,,,,,,,,,,,,,,,,,,,,,,,,,,
20,0.6938028931617737,0.6936367154121399,0.6875666975975037,0.676027238368988,0.6967772841453552,0.6639991998672485,0.6339188814163208,0.6552349925041199,0.689757764339447,0.6941114664077759,0.638736367225647,0.6622875928878784,0.6590384840965271,0.6618103981018066,0.6837722063064575,0.7004094123840332,0.6937686800956726,0.6827672719955444,0.6948625445365906,0.6810133457183838,0.5777332782745361,0.6963127851486206,0.6622128486633301,0.6435407996177673,0.6712862253189087,0.5955936908721924,0.7124351263046265,0.6171075701713562,0.6938736438751221,0.6558156609535217,0.6904664635658264,0.6906387209892273,0.6510428786277771,0.6939782500267029,0.6062929630279541,0.684042751789093,0.6048392653465271,0.6791896820068359,0.6971833109855652,0.627657413482666,0.6988418698310852,0.5844630002975464,0.6953227519989014,0.6917787790298462,0.6713651418685913,0.6936026215553284,0.5733156800270081,0.6923748254776001,0.695249617099762,0.6366974711418152
21,,,,,,,,,,,,,,,,,,,,,,,,,,,,,,,,,,,,,,,,,,,,,,,,,,
22,,,,,,,,,,,,,,,,,,,,,,,,,,,,,,,,,,,,,,,,,,,,,,,,,,
23,,,,,,,,,,,,,,,,,,,,,,,,,,,,,,,,,,,,,,,,,,,,,,,,,,
24,,,,,,,,,,,,,,,,,,,,,,,,,,,,,,,,,,,,,,,,,,,,,,,,,,
25,,,,,,,,,,,,,,,,,,,,,,,,,,,,,,,,,,,,,,,,,,,,,,,,,,
26,,,,,,,,,,,,,,,,,,,,,,,,,,,,,,,,,,,,,,,,,,,,,,,,,,
27,,,,,,,,,,,,,,,,,,,,,,,,,,,,,,,,,,,,,,,,,,,,,,,,,,
28,,,,,,,,,,,,,,,,,,,,,,,,,,,,,,,,,,,,,,,,,,,,,,,,,,
29,,,,,,,,,,,,,,,,,,,,,,,,,,,,,,,,,,,,,,,,,,,,,,,,,,
30,,,,,,,,,,,,,,,,,,,,,,,,,,,,,,,,,,,,,,,,,,,,,,,,,,
31,,,,,,,,,,,,,,,,,,,,,,,,,,,,,,,,,,,,,,,,,,,,,,,,,,
32,,,,,,,,,,,,,,,,,,,,,,,,,,,,,,,,,,,,,,,,,,,,,,,,,,
33,,,,,,,,,,,,,,,,,,,,,,,,,,,,,,,,,,,,,,,,,,,,,,,,,,
34,,,,,,,,,,,,,,,,,,,,,,,,,,,,,,,,,,,,,,,,,,,,,,,,,,
35,,,,,,,,,,,,,,,,,,,,,,,,,,,,,,,,,,,,,,,,,,,,,,,,,,
36,,,,,,,,,,,,,,,,,,,,,,,,,,,,,,,,,,,,,,,,,,,,,,,,,,
37,,,,,,,,,,,,,,,,,,,,,,,,,,,,,,,,,,,,,,,,,,,,,,,,,,
38,,,,,,,,,,,,,,,,,,,,,,,,,,,,,,,,,,,,,,,,,,,,,,,,,,
39,,,,,,,,,,,,,,,,,,,,,,,,,,,,,,,,,,,,,,,,,,,,,,,,,,
40,0.6989660859107971,0.587510883808136,0.6606737375259399,0.6356415748596191,0.6734684705734253,0.6799877882003784,0.6346130967140198,0.6041316390037537,0.6910860538482666,0.6928315758705139,0.6058685779571533,0.6132276058197021,0.6916971802711487,0.568638026714325,0.6159690618515015,0.696635901927948,0.6215149164199829,0.6705982685089111,0.6488572955131531,0.6227836012840271,0.5477707982063293,0.5222084522247314,0.5233290791511536,0.5795649886131287,0.6110396385192871,0.5763968229293823,0.6336015462875366,0.6358217000961304,0.6921481490135193,0.6931225061416626,0.5749332308769226,0.6670924425125122,0.5961970686912537,0.6545429825782776,0.6275721192359924,0.6941830515861511,0.6026093363761902,0.6323782801628113,0.6946880221366882,0.5844611525535583,0.7158944606781006,0.5747150182723999,0.7014822363853455,0.6913453936576843,0.6358487010002136,0.6771808862686157,0.5317544341087341,0.7116599082946777,0.6627361178398132,0.6869388818740845
41,,,,,,,,,,,,,,,,,,,,,,,,,,,,,,,,,,,,,,,,,,,,,,,,,,
42,,,,,,,,,,,,,,,,,,,,,,,,,,,,,,,,,,,,,,,,,,,,,,,,,,
43,,,,,,,,,,,,,,,,,,,,,,,,,,,,,,,,,,,,,,,,,,,,,,,,,,
44,,,,,,,,,,,,,,,,,,,,,,,,,,,,,,,,,,,,,,,,,,,,,,,,,,
45,,,,,,,,,,,,,,,,,,,,,,,,,,,,,,,,,,,,,,,,,,,,,,,,,,
46,,,,,,,,,,,,,,,,,,,,,,,,,,,,,,,,,,,,,,,,,,,,,,,,,,
47,,,,,,,,,,,,,,,,,,,,,,,,,,,,,,,,,,,,,,,,,,,,,,,,,,
48,,,,,,,,,,,,,,,,,,,,,,,,,,,,,,,,,,,,,,,,,,,,,,,,,,
49,,,,,,,,,,,,,,,,,,,,,,,,,,,,,,,,,,,,,,,,,,,,,,,,,,
50,,,,,,,,,,,,,,,,,,,,,,,,,,,,,,,,,,,,,,,,,,,,,,,,,,
51,,,,,,,,,,,,,,,,,,,,,,,,,,,,,,,,,,,,,,,,,,,,,,,,,,
52,,,,,,,,,,,,,,,,,,,,,,,,,,,,,,,,,,,,,,,,,,,,,,,,,,
53,,,,,,,,,,,,,,,,,,,,,,,,,,,,,,,,,,,,,,,,,,,,,,,,,,
54,,,,,,,,,,,,,,,,,,,,,,,,,,,,,,,,,,,,,,,,,,,,,,,,,,
55,,,,,,,,,,,,,,,,,,,,,,,,,,,,,,,,,,,,,,,,,,,,,,,,,,
56,,,,,,,,,,,,,,,,,,,,,,,,,,,,,,,,,,,,,,,,,,,,,,,,,,
57,,,,,,,,,,,,,,,,,,,,,,,,,,,,,,,,,,,,,,,,,,,,,,,,,,
58,,,,,,,,,,,,,,,,,,,,,,,,,,,,,,,,,,,,,,,,,,,,,,,,,,
59,,,,,,,,,,,,,,,,,,,,,,,,,,,,,,,,,,,,,,,,,,,,,,,,,,
60,0.6970015168190002,0.5691612958908081,0.5766361355781555,0.5966672897338867,0.6048740148544312,0.6935352087020874,0.5701555013656616,0.647554874420166,0.6279604434967041,0.6537668704986572,0.6250344514846802,0.5894683003425598,0.6923522353172302,0.6647270321846008,0.5787971019744873,0.6940416097640991,0.5654609203338623,0.5841062664985657,0.6785751581192017,0.618086040019989,0.5082954168319702,0.5342171788215637,0.5594622492790222,0.5303652286529541,0.5549719333648682,0.5693485736846924,0.5581116080284119,0.6102948784828186,0.5681769847869873,0.6931190490722656,0.4900460839271545,0.6224355697631836,0.514094889163971,0.5710951089859009,0.5640678405761719,0.6935637593269348,0.6297439932823181,0.6513723134994507,0.6934680342674255,0.5506287217140198,0.6994110941886902,0.5461872220039368,0.6940443515777588,0.6752626895904541,0.5582263469696045,0.6730487942695618,0.5736989378929138,0.6923609972000122,0.5916175842285156,0.6257546544075012
61,,,,,,,,,,,,,,,,,,,,,,,,,,,,,,,,,,,,,,,,,,,,,,,,,,
62,,,,,,,,,,,,,,,,,,,,,,,,,,,,,,,,,,,,,,,,,,,,,,,,,,
63,,,,,,,,,,,,,,,,,,,,,,,,,,,,,,,,,,,,,,,,,,,,,,,,,,
64,,,,,,,,,,,,,,,,,,,,,,,,,,,,,,,,,,,,,,,,,,,,,,,,,,
65,,,,,,,,,,,,,,,,,,,,,,,,,,,,,,,,,,,,,,,,,,,,,,,,,,
66,,,,,,,,,,,,,,,,,,,,,,,,,,,,,,,,,,,,,,,,,,,,,,,,,,
67,,,,,,,,,,,,,,,,,,,,,,,,,,,,,,,,,,,,,,,,,,,,,,,,,,
68,,,,,,,,,,,,,,,,,,,,,,,,,,,,,,,,,,,,,,,,,,,,,,,,,,
69,,,,,,,,,,,,,,,,,,,,,,,,,,,,,,,,,,,,,,,,,,,,,,,,,,
70,,,,,,,,,,,,,,,,,,,,,,,,,,,,,,,,,,,,,,,,,,,,,,,,,,
71,,,,,,,,,,,,,,,,,,,,,,,,,,,,,,,,,,,,,,,,,,,,,,,,,,
72,,,,,,,,,,,,,,,,,,,,,,,,,,,,,,,,,,,,,,,,,,,,,,,,,,
73,,,,,,,,,,,,,,,,,,,,,,,,,,,,,,,,,,,,,,,,,,,,,,,,,,
74,,,,,,,,,,,,,,,,,,,,,,,,,,,,,,,,,,,,,,,,,,,,,,,,,,
75,,,,,,,,,,,,,,,,,,,,,,,,,,,,,,,,,,,,,,,,,,,,,,,,,,
76,,,,,,,,,,,,,,,,,,,,,,,,,,,,,,,,,,,,,,,,,,,,,,,,,,
77,,,,,,,,,,,,,,,,,,,,,,,,,,,,,,,,,,,,,,,,,,,,,,,,,,
78,,,,,,,,,,,,,,,,,,,,,,,,,,,,,,,,,,,,,,,,,,,,,,,,,,
79,,,,,,,,,,,,,,,,,,,,,,,,,,,,,,,,,,,,,,,,,,,,,,,,,,
80,0.6958763003349304,0.5488853454589844,0.6555560827255249,0.586057722568512,0.5635100603103638,0.6931762099266052,0.547481119632721,0.661665678024292,0.6233419179916382,0.6186144948005676,0.5530409812927246,0.568626344203949,0.6777139902114868,0.6855684518814087,0.5322020053863525,0.6960407495498657,0.5642728209495544,0.6372360587120056,0.6932857036590576,0.5675159692764282,0.4843434989452362,0.5182558298110962,0.5638220310211182,0.4822235405445099,0.5927613973617554,0.5067558884620667,0.5699989199638367,0.6083016991615295,0.5944907665252686,0.6452493071556091,0.4733023345470428,0.5991413593292236,0.4959134757518768,0.5440053939819336,0.5307520031929016,0.693717896938324,0.6548661589622498,0.6555123329162598,0.6969430446624756,0.5772346258163452,0.6955011487007141,0.5751487612724304,0.6935989260673523,0.686412513256073,0.5386647582054138,0.6415577530860901,0.5303616523742676,0.692216157913208,0.5422397255897522,0.5524216890335083
81,,,,,,,,,,,,,,,,,,,,,,,,,,,,,,,,,,,,,,,,,,,,,,,,,,
82,,,,,,,,,,,,,,,,,,,,,,,,,,,,,,,,,,,,,,,,,,,,,,,,,,
83,,,,,,,,,,,,,,,,,,,,,,,,,,,,,,,,,,,,,,,,,,,,,,,,,,
84,,,,,,,,,,,,,,,,,,,,,,,,,,,,,,,,,,,,,,,,,,,,,,,,,,
85,,,,,,,,,,,,,,,,,,,,,,,,,,,,,,,,,,,,,,,,,,,,,,,,,,
86,,,,,,,,,,,,,,,,,,,,,,,,,,,,,,,,,,,,,,,,,,,,,,,,,,
87,,,,,,,,,,,,,,,,,,,,,,,,,,,,,,,,,,,,,,,,,,,,,,,,,,
88,,,,,,,,,,,,,,,,,,,,,,,,,,,,,,,,,,,,,,,,,,,,,,,,,,
89,,,,,,,,,,,,,,,,,,,,,,,,,,,,,,,,,,,,,,,,,,,,,,,,,,
90,,,,,,,,,,,,,,,,,,,,,,,,,,,,,,,,,,,,,,,,,,,,,,,,,,
91,,,,,,,,,,,,,,,,,,,,,,,,,,,,,,,,,,,,,,,,,,,,,,,,,,
92,,,,,,,,,,,,,,,,,,,,,,,,,,,,,,,,,,,,,,,,,,,,,,,,,,
93,,,,,,,,,,,,,,,,,,,,,,,,,,,,,,,,,,,,,,,,,,,,,,,,,,
94,,,,,,,,,,,,,,,,,,,,,,,,,,,,,,,,,,,,,,,,,,,,,,,,,,
95,,,,,,,,,,,,,,,,,,,,,,,,,,,,,,,,,,,,,,,,,,,,,,,,,,
96,,,,,,,,,,,,,,,,,,,,,,,,,,,,,,,,,,,,,,,,,,,,,,,,,,
97,,,,,,,,,,,,,,,,,,,,,,,,,,,,,,,,,,,,,,,,,,,,,,,,,,
98,,,,,,,,,,,,,,,,,,,,,,,,,,,,,,,,,,,,,,,,,,,,,,,,,,
99,,,,,,,,,,,,,,,,,,,,,,,,,,,,,,,,,,,,,,,,,,,,,,,,,,
100,0.6958907246589661,0.5445579290390015,0.5456765294075012,0.5545363426208496,0.5185055732727051,0.6932244896888733,0.5547322630882263,0.5552971959114075,0.5503731369972229,0.6249758005142212,0.4998663365840912,0.5763373374938965,0.6332622766494751,0.6440791487693787,0.5276266932487488,0.589198648929596,0.5554329752922058,0.6016433835029602,0.6927844882011414,0.5632796287536621,0.4989306628704071,0.4904404878616333,0.55001300573349,0.4650400280952453,0.5483814477920532,0.5055935382843018,0.5406861305236816,0.5839926600456238,0.5619494318962097,0.6097742915153503,0.4268790781497955,0.6048199534416199,0.491871565580368,0.5310574173927307,0.5348889231681824,0.6949670314788818,0.5743157863616943,0.6632227301597595,0.6281304359436035,0.5519753098487854,0.7064236998558044,0.5200541019439697,0.6700800061225891,0.5894767642021179,0.5754137635231018,0.5732313394546509,0.5390974283218384,0.6034143567085266,0.5127522945404053,0.5233732461929321
101,,,,,,,,,,,,,,,,,,,,,,,,,,,,,,,,,,,,,,,,,,,,,,,,,,
102,,,,,,,,,,,,,,,,,,,,,,,,,,,,,,,,,,,,,,,,,,,,,,,,,,
103,,,,,,,,,,,,,,,,,,,,,,,,,,,,,,,,,,,,,,,,,,,,,,,,,,
104,,,,,,,,,,,,,,,,,,,,,,,,,,,,,,,,,,,,,,,,,,,,,,,,,,
105,,,,,,,,,,,,,,,,,,,,,,,,,,,,,,,,,,,,,,,,,,,,,,,,,,
106,,,,,,,,,,,,,,,,,,,,,,,,,,,,,,,,,,,,,,,,,,,,,,,,,,
107,,,,,,,,,,,,,,,,,,,,,,,,,,,,,,,,,,,,,,,,,,,,,,,,,,
108,,,,,,,,,,,,,,,,,,,,,,,,,,,,,,,,,,,,,,,,,,,,,,,,,,
109,,,,,,,,,,,,,,,,,,,,,,,,,,,,,,,,,,,,,,,,,,,,,,,,,,
110,,,,,,,,,,,,,,,,,,,,,,,,,,,,,,,,,,,,,,,,,,,,,,,,,,
111,,,,,,,,,,,,,,,,,,,,,,,,,,,,,,,,,,,,,,,,,,,,,,,,,,
112,,,,,,,,,,,,,,,,,,,,,,,,,,,,,,,,,,,,,,,,,,,,,,,,,,
113,,,,,,,,,,,,,,,,,,,,,,,,,,,,,,,,,,,,,,,,,,,,,,,,,,
114,,,,,,,,,,,,,,,,,,,,,,,,,,,,,,,,,,,,,,,,,,,,,,,,,,
115,,,,,,,,,,,,,,,,,,,,,,,,,,,,,,,,,,,,,,,,,,,,,,,,,,
116,,,,,,,,,,,,,,,,,,,,,,,,,,,,,,,,,,,,,,,,,,,,,,,,,,
117,,,,,,,,,,,,,,,,,,,,,,,,,,,,,,,,,,,,,,,,,,,,,,,,,,
118,,,,,,,,,,,,,,,,,,,,,,,,,,,,,,,,,,,,,,,,,,,,,,,,,,
119,,,,,,,,,,,,,,,,,,,,,,,,,,,,,,,,,,,,,,,,,,,,,,,,,,
120,0.6947115063667297,0.487453818321228,0.529018223285675,0.5494644045829773,0.4592467546463012,0.6933222413063049,0.533723771572113,0.5220897793769836,0.5845693349838257,0.5544348359107971,0.4725336730480194,0.5126762986183167,0.6478192806243896,0.6478434205055237,0.5142833590507507,0.6077723503112793,0.5440459251403809,0.5142175555229187,0.6927879452705383,0.5595865845680237,0.4712427854537964,0.4994081854820251,0.5372302532196045,0.4540753066539764,0.517875611782074,0.4970370531082153,0.5204353332519531,0.5409255027770996,0.5324860215187073,0.6239681839942932,0.367716908454895,0.5857547521591187,0.5565540194511414,0.5165196061134338,0.5590507984161377,0.7176246643066406,0.5180988311767578,0.6585988402366638,0.5652371048927307,0.5373750925064087,0.6441535949707031,0.5553538799285889,0.6771201491355896,0.5681207776069641,0.5448689460754395,0.5884137749671936,0.4732834100723266,0.5952813029289246,0.5516113042831421,0.5271898508071899
121,,,,,,,,,,,,,,,,,,,,,,,,,,,,,,,,,,,,,,,,,,,,,,,,,,
122,,,,,,,,,,,,,,,,,,,,,,,,,,,,,,,,,,,,,,,,,,,,,,,,,,
123,,,,,,,,,,,,,,,,,,,,,,,,,,,,,,,,,,,,,,,,,,,,,,,,,,
124,,,,,,,,,,,,,,,,,,,,,,,,,,,,,,,,,,,,,,,,,,,,,,,,,,
125,,,,,,,,,,,,,,,,,,,,,,,,,,,,,,,,,,,,,,,,,,,,,,,,,,
126,,,,,,,,,,,,,,,,,,,,,,,,,,,,,,,,,,,,,,,,,,,,,,,,,,
127,,,,,,,,,,,,,,,,,,,,,,,,,,,,,,,,,,,,,,,,,,,,,,,,,,
128,,,,,,,,,,,,,,,,,,,,,,,,,,,,,,,,,,,,,,,,,,,,,,,,,,
129,,,,,,,,,,,,,,,,,,,,,,,,,,,,,,,,,,,,,,,,,,,,,,,,,,
130,,,,,,,,,,,,,,,,,,,,,,,,,,,,,,,,,,,,,,,,,,,,,,,,,,
131,,,,,,,,,,,,,,,,,,,,,,,,,,,,,,,,,,,,,,,,,,,,,,,,,,
132,,,,,,,,,,,,,,,,,,,,,,,,,,,,,,,,,,,,,,,,,,,,,,,,,,
133,,,,,,,,,,,,,,,,,,,,,,,,,,,,,,,,,,,,,,,,,,,,,,,,,,
134,,,,,,,,,,,,,,,,,,,,,,,,,,,,,,,,,,,,,,,,,,,,,,,,,,
135,,,,,,,,,,,,,,,,,,,,,,,,,,,,,,,,,,,,,,,,,,,,,,,,,,
136,,,,,,,,,,,,,,,,,,,,,,,,,,,,,,,,,,,,,,,,,,,,,,,,,,
137,,,,,,,,,,,,,,,,,,,,,,,,,,,,,,,,,,,,,,,,,,,,,,,,,,
138,,,,,,,,,,,,,,,,,,,,,,,,,,,,,,,,,,,,,,,,,,,,,,,,,,
139,,,,,,,,,,,,,,,,,,,,,,,,,,,,,,,,,,,,,,,,,,,,,,,,,,
140,0.5381060242652893,0.4697979986667633,0.5188197493553162,0.5347148776054382,0.4934988915920257,0.6931979656219482,0.5325504541397095,0.5074642300605774,0.5868364572525024,0.5538617968559265,0.4728589355945587,0.5168153643608093,0.6401094794273376,0.5419445633888245,0.5051706433296204,0.604061484336853,0.5577589869499207,0.4726585745811462,0.693300187587738,0.5471559762954712,0.4834567308425903,0.4400559365749359,0.5125152468681335,0.4436331689357757,0.4731341302394867,0.4928376674652099,0.4945653676986694,0.541347861289978,0.5807921886444092,0.6576826572418213,0.4116292893886566,0.5714365243911743,0.4789075553417206,0.6241577863693237,0.5285374522209167,0.6667678356170654,0.5119507312774658,0.6395156383514404,0.5437043905258179,0.5253679752349854,0.6787693500518799,0.5503286719322205,0.5620306134223938,0.5903018712997437,0.5302950143814087,0.5730922818183899,0.5021998882293701,0.6037561297416687,0.4956129193305969,0.5220938324928284
141,,,,,,,,,,,,,,,,,,,,,,,,,,,,,,,,,,,,,,,,,,,,,,,,,,
142,,,,,,,,,,,,,,,,,,,,,,,,,,,,,,,,,,,,,,,,,,,,,,,,,,
143,,,,,,,,,,,,,,,,,,,,,,,,,,,,,,,,,,,,,,,,,,,,,,,,,,
144,,,,,,,,,,,,,,,,,,,,,,,,,,,,,,,,,,,,,,,,,,,,,,,,,,
145,,,,,,,,,,,,,,,,,,,,,,,,,,,,,,,,,,,,,,,,,,,,,,,,,,
146,,,,,,,,,,,,,,,,,,,,,,,,,,,,,,,,,,,,,,,,,,,,,,,,,,
147,,,,,,,,,,,,,,,,,,,,,,,,,,,,,,,,,,,,,,,,,,,,,,,,,,
148,,,,,,,,,,,,,,,,,,,,,,,,,,,,,,,,,,,,,,,,,,,,,,,,,,
149,,,,,,,,,,,,,,,,,,,,,,,,,,,,,,,,,,,,,,,,,,,,,,,,,,
150,,,,,,,,,,,,,,,,,,,,,,,,,,,,,,,,,,,,,,,,,,,,,,,,,,
151,,,,,,,,,,,,,,,,,,,,,,,,,,,,,,,,,,,,,,,,,,,,,,,,,,
152,,,,,,,,,,,,,,,,,,,,,,,,,,,,,,,,,,,,,,,,,,,,,,,,,,
153,,,,,,,,,,,,,,,,,,,,,,,,,,,,,,,,,,,,,,,,,,,,,,,,,,
154,,,,,,,,,,,,,,,,,,,,,,,,,,,,,,,,,,,,,,,,,,,,,,,,,,
155,,,,,,,,,,,,,,,,,,,,,,,,,,,,,,,,,,,,,,,,,,,,,,,,,,
156,,,,,,,,,,,,,,,,,,,,,,,,,,,,,,,,,,,,,,,,,,,,,,,,,,
157,,,,,,,,,,,,,,,,,,,,,,,,,,,,,,,,,,,,,,,,,,,,,,,,,,
158,,,,,,,,,,,,,,,,,,,,,,,,,,,,,,,,,,,,,,,,,,,,,,,,,,
159,,,,,,,,,,,,,,,,,,,,,,,,,,,,,,,,,,,,,,,,,,,,,,,,,,
160,0.5290029644966125,0.5038442015647888,0.5075857043266296,0.5225458145141602,0.470513254404068,0.6931573748588562,0.5564252734184265,0.5455705523490906,0.6024507284164429,0.5506568551063538,0.4780037701129913,0.5462288856506348,0.6214883327484131,0.5498777031898499,0.4816667139530182,0.6026085615158081,0.5688037872314453,0.446229338645935,0.6927844882011414,0.5527433156967163,0.4507520794868469,0.4651651680469513,0.5154712200164795,0.4558133780956268,0.4611715972423553,0.4786771833896637,0.4903559982776642,0.5093802809715271,0.5206698775291443,0.6305758357048035,0.4060352444648742,0.5682603716850281,0.4453925788402557,0.4618442058563232,0.516036331653595,0.6237213015556335,0.5140554308891296,0.5893131494522095,0.527906060218811,0.5245870351791382,0.6566304564476013,0.5283892154693604,0.5958881378173828,0.5769384503364563,0.5276078581809998,0.5422324538230896,0.4694908559322357,0.5405019521713257,0.4970667958259582,0.5527735352516174
161,,,,,,,,,,,,,,,,,,,,,,,,,,,,,,,,,,,,,,,,,,,,,,,,,,
162,,,,,,,,,,,,,,,,,,,,,,,,,,,,,,,,,,,,,,,,,,,,,,,,,,
163,,,,,,,,,,,,,,,,,,,,,,,,,,,,,,,,,,,,,,,,,,,,,,,,,,
164,,,,,,,,,,,,,,,,,,,,,,,,,,,,,,,,,,,,,,,,,,,,,,,,,,
165,,,,,,,,,,,,,,,,,,,,,,,,,,,,,,,,,,,,,,,,,,,,,,,,,,
166,,,,,,,,,,,,,,,,,,,,,,,,,,,,,,,,,,,,,,,,,,,,,,,,,,
167,,,,,,,,,,,,,,,,,,,,,,,,,,,,,,,,,,,,,,,,,,,,,,,,,,
168,,,,,,,,,,,,,,,,,,,,,,,,,,,,,,,,,,,,,,,,,,,,,,,,,,
169,,,,,,,,,,,,,,,,,,,,,,,,,,,,,,,,,,,,,,,,,,,,,,,,,,
170,,,,,,,,,,,,,,,,,,,,,,,,,,,,,,,,,,,,,,,,,,,,,,,,,,
171,,,,,,,,,,,,,,,,,,,,,,,,,,,,,,,,,,,,,,,,,,,,,,,,,,
172,,,,,,,,,,,,,,,,,,,,,,,,,,,,,,,,,,,,,,,,,,,,,,,,,,
173,,,,,,,,,,,,,,,,,,,,,,,,,,,,,,,,,,,,,,,,,,,,,,,,,,
174,,,,,,,,,,,,,,,,,,,,,,,,,,,,,,,,,,,,,,,,,,,,,,,,,,
175,,,,,,,,,,,,,,,,,,,,,,,,,,,,,,,,,,,,,,,,,,,,,,,,,,
176,,,,,,,,,,,,,,,,,,,,,,,,,,,,,,,,,,,,,,,,,,,,,,,,,,
177,,,,,,,,,,,,,,,,,,,,,,,,,,,,,,,,,,,,,,,,,,,,,,,,,,
178,,,,,,,,,,,,,,,,,,,,,,,,,,,,,,,,,,,,,,,,,,,,,,,,,,
179,,,,,,,,,,,,,,,,,,,,,,,,,,,,,,,,,,,,,,,,,,,,,,,,,,
180,0.5542841553688049,0.4671413004398346,0.5159938335418701,0.5147778987884521,0.4884698987007141,0.6934497356414795,0.5088557600975037,0.5215902328491211,0.5654062032699585,0.552051305770874,0.4760043025016784,0.5092471837997437,0.5753215551376343,0.5520449876785278,0.4483663141727447,0.5894773602485657,0.537469208240509,0.4338952600955963,0.692699134349823,0.5345157980918884,0.4423972368240356,0.4749873876571655,0.5142877101898193,0.4653486013412475,0.4688384532928467,0.4695721566677093,0.4684319198131561,0.5051858425140381,0.494216114282608,0.6185190081596375,0.4077117443084717,0.5680090188980103,0.4770329296588897,0.4720198810100555,0.5149152278900146,0.6084951758384705,0.5273077487945557,0.5723778605461121,0.521080493927002,0.550204336643219,0.7127547264099121,0.5061827301979065,0.6354030966758728,0.545663595199585,0.5336677432060242,0.5569427609443665,0.4693847596645355,0.5528881549835205,0.5052639245986938,0.5402423739433289
181,,,,,,,,,,,,,,,,,,,,,,,,,,,,,,,,,,,,,,,,,,,,,,,,,,
182,,,,,,,,,,,,,,,,,,,,,,,,,,,,,,,,,,,,,,,,,,,,,,,,,,
183,,,,,,,,,,,,,,,,,,,,,,,,,,,,,,,,,,,,,,,,,,,,,,,,,,
184,,,,,,,,,,,,,,,,,,,,,,,,,,,,,,,,,,,,,,,,,,,,,,,,,,
185,,,,,,,,,,,,,,,,,,,,,,,,,,,,,,,,,,,,,,,,,,,,,,,,,,
186,,,,,,,,,,,,,,,,,,,,,,,,,,,,,,,,,,,,,,,,,,,,,,,,,,
187,,,,,,,,,,,,,,,,,,,,,,,,,,,,,,,,,,,,,,,,,,,,,,,,,,
188,,,,,,,,,,,,,,,,,,,,,,,,,,,,,,,,,,,,,,,,,,,,,,,,,,
189,,,,,,,,,,,,,,,,,,,,,,,,,,,,,,,,,,,,,,,,,,,,,,,,,,
190,,,,,,,,,,,,,,,,,,,,,,,,,,,,,,,,,,,,,,,,,,,,,,,,,,
191,,,,,,,,,,,,,,,,,,,,,,,,,,,,,,,,,,,,,,,,,,,,,,,,,,
192,,,,,,,,,,,,,,,,,,,,,,,,,,,,,,,,,,,,,,,,,,,,,,,,,,
193,,,,,,,,,,,,,,,,,,,,,,,,,,,,,,,,,,,,,,,,,,,,,,,,,,
194,,,,,,,,,,,,,,,,,,,,,,,,,,,,,,,,,,,,,,,,,,,,,,,,,,
195,,,,,,,,,,,,,,,,,,,,,,,,,,,,,,,,,,,,,,,,,,,,,,,,,,
196,,,,,,,,,,,,,,,,,,,,,,,,,,,,,,,,,,,,,,,,,,,,,,,,,,
197,,,,,,,,,,,,,,,,,,,,,,,,,,,,,,,,,,,,,,,,,,,,,,,,,,
198,,,,,,,,,,,,,,,,,,,,,,,,,,,,,,,,,,,,,,,,,,,,,,,,,,
199,,,,,,,,,,,,,,,,,,,,,,,,,,,,,,,,,,,,,,,,,,,,,,,,,,
200,0.5356689691543579,0.438821792602539,0.5106998085975647,0.5005500912666321,0.4658044874668121,0.6940290331840515,0.4851133227348327,0.5262481570243835,0.5990395545959473,0.535144031047821,0.4872869849205017,0.4982509911060333,0.5815906524658203,0.5512652397155762,0.4382156431674957,0.5225107669830322,0.5436282157897949,0.4821466207504272,0.693166196346283,0.5259868502616882,0.4492529630661011,0.4741370677947998,0.4822510778903961,0.4293429851531982,0.4880741536617279,0.4604766964912414,0.4549297094345093,0.4834382236003876,0.5111016035079956,0.612937867641449,0.3591323494911194,0.5503727197647095,0.5089632272720337,0.460987389087677,0.4930818080902099,0.6289151906967163,0.5379806756973267,0.5794386863708496,0.5143371224403381,0.4900633096694946,0.6628355383872986,0.5458714365959167,0.6224115490913391,0.5607951879501343,0.5197945833206177,0.5304257869720459,0.4739164412021637,0.5256006121635437,0.4797089397907257,0.5200849771499634
201,,,,,,,,,,,,,,,,,,,,,,,,,,,,,,,,,,,,,,,,,,,,,,,,,,
202,,,,,,,,,,,,,,,,,,,,,,,,,,,,,,,,,,,,,,,,,,,,,,,,,,
203,,,,,,,,,,,,,,,,,,,,,,,,,,,,,,,,,,,,,,,,,,,,,,,,,,
204,,,,,,,,,,,,,,,,,,,,,,,,,,,,,,,,,,,,,,,,,,,,,,,,,,
205,,,,,,,,,,,,,,,,,,,,,,,,,,,,,,,,,,,,,,,,,,,,,,,,,,
206,,,,,,,,,,,,,,,,,,,,,,,,,,,,,,,,,,,,,,,,,,,,,,,,,,
207,,,,,,,,,,,,,,,,,,,,,,,,,,,,,,,,,,,,,,,,,,,,,,,,,,
208,,,,,,,,,,,,,,,,,,,,,,,,,,,,,,,,,,,,,,,,,,,,,,,,,,
209,,,,,,,,,,,,,,,,,,,,,,,,,,,,,,,,,,,,,,,,,,,,,,,,,,
210,,,,,,,,,,,,,,,,,,,,,,,,,,,,,,,,,,,,,,,,,,,,,,,,,,
211,,,,,,,,,,,,,,,,,,,,,,,,,,,,,,,,,,,,,,,,,,,,,,,,,,
212,,,,,,,,,,,,,,,,,,,,,,,,,,,,,,,,,,,,,,,,,,,,,,,,,,
213,,,,,,,,,,,,,,,,,,,,,,,,,,,,,,,,,,,,,,,,,,,,,,,,,,
214,,,,,,,,,,,,,,,,,,,,,,,,,,,,,,,,,,,,,,,,,,,,,,,,,,
215,,,,,,,,,,,,,,,,,,,,,,,,,,,,,,,,,,,,,,,,,,,,,,,,,,
216,,,,,,,,,,,,,,,,,,,,,,,,,,,,,,,,,,,,,,,,,,,,,,,,,,
217,,,,,,,,,,,,,,,,,,,,,,,,,,,,,,,,,,,,,,,,,,,,,,,,,,
218,,,,,,,,,,,,,,,,,,,,,,,,,,,,,,,,,,,,,,,,,,,,,,,,,,
219,,,,,,,,,,,,,,,,,,,,,,,,,,,,,,,,,,,,,,,,,,,,,,,,,,
220,0.5178935527801514,0.4277016520500183,0.5082084536552429,0.5179147720336914,0.4378610849380493,0.6933367252349854,0.4742913842201233,0.5221405625343323,0.5894048810005188,0.5419802665710449,0.4796777665615082,0.4951829612255096,0.5689376592636108,0.5255114436149597,0.4270006418228149,0.5510941743850708,0.5282695293426514,0.4403448104858398,0.6932578086853027,0.5403528809547424,0.4739553928375244,0.4778749346733093,0.4888686835765838,0.4438500106334686,0.4810303151607513,0.4749628901481628,0.4616487622261047,0.4803222715854645,0.5099055171012878,0.6145524978637695,0.4263838827610016,0.533119797706604,0.4308263063430786,0.4965990781784057,0.4948241412639618,0.6017361283302307,0.5032669305801392,0.6132603883743286,0.5415953397750854,0.4986253380775451,0.6167090535163879,0.5168618559837341,0.5968502759933472,0.5532194375991821,0.5284874439239502,0.5103251934051514,0.4573438167572021,0.5277352929115295,0.4827287197113037,0.4927284121513366
221,,,,,,,,,,,,,,,,,,,,,,,,,,,,,,,,,,,,,,,,,,,,,,,,,,
222,,,,,,,,,,,,,,,,,,,,,,,,,,,,,,,,,,,,,,,,,,,,,,,,,,
223,,,,,,,,,,,,,,,,,,,,,,,,,,,,,,,,,,,,,,,,,,,,,,,,,,
224,,,,,,,,,,,,,,,,,,,,,,,,,,,,,,,,,,,,,,,,,,,,,,,,,,
225,,,,,,,,,,,,,,,,,,,,,,,,,,,,,,,,,,,,,,,,,,,,,,,,,,
226,,,,,,,,,,,,,,,,,,,,,,,,,,,,,,,,,,,,,,,,,,,,,,,,,,
227,,,,,,,,,,,,,,,,,,,,,,,,,,,,,,,,,,,,,,,,,,,,,,,,,,
228,,,,,,,,,,,,,,,,,,,,,,,,,,,,,,,,,,,,,,,,,,,,,,,,,,
229,,,,,,,,,,,,,,,,,,,,,,,,,,,,,,,,,,,,,,,,,,,,,,,,,,
230,,,,,,,,,,,,,,,,,,,,,,,,,,,,,,,,,,,,,,,,,,,,,,,,,,
231,,,,,,,,,,,,,,,,,,,,,,,,,,,,,,,,,,,,,,,,,,,,,,,,,,
232,,,,,,,,,,,,,,,,,,,,,,,,,,,,,,,,,,,,,,,,,,,,,,,,,,
233,,,,,,,,,,,,,,,,,,,,,,,,,,,,,,,,,,,,,,,,,,,,,,,,,,
234,,,,,,,,,,,,,,,,,,,,,,,,,,,,,,,,,,,,,,,,,,,,,,,,,,
235,,,,,,,,,,,,,,,,,,,,,,,,,,,,,,,,,,,,,,,,,,,,,,,,,,
236,,,,,,,,,,,,,,,,,,,,,,,,,,,,,,,,,,,,,,,,,,,,,,,,,,
237,,,,,,,,,,,,,,,,,,,,,,,,,,,,,,,,,,,,,,,,,,,,,,,,,,
238,,,,,,,,,,,,,,,,,,,,,,,,,,,,,,,,,,,,,,,,,,,,,,,,,,
239,,,,,,,,,,,,,,,,,,,,,,,,,,,,,,,,,,,,,,,,,,,,,,,,,,
240,0.6091617941856384,0.4779651761054992,0.5033653378486633,0.4877474308013916,0.4502041935920715,0.6932948231697083,0.4738854169845581,0.5074465274810791,0.541496753692627,0.5247408151626587,0.4805272221565246,0.4631886780261993,0.5886886715888977,0.4939861595630646,0.3674650192260742,0.5189099311828613,0.5171120166778564,0.4311312735080719,0.6929530501365662,0.5427348613739014,0.4809049367904663,0.4547458291053772,0.4769857823848724,0.4080922603607178,0.4722940027713775,0.4767400026321411,0.4408974051475525,0.4664121866226196,0.4938362240791321,0.5709930658340454,0.3458285927772522,0.5522845983505249,0.3984488248825073,0.4797197580337524,0.4884713888168335,0.6063591241836548,0.4876530766487121,0.5613410472869873,0.5237836241722107,0.4656619131565094,0.6477855443954468,0.5373159646987915,0.6265265345573425,0.506564736366272,0.5475274920463562,0.5073322057723999,0.4800379574298858,0.5227028131484985,0.4707211256027221,0.4781022369861603
241,,,,,,,,,,,,,,,,,,,,,,,,,,,,,,,,,,,,,,,,,,,,,,,,,,
242,,,,,,,,,,,,,,,,,,,,,,,,,,,,,,,,,,,,,,,,,,,,,,,,,,
243,,,,,,,,,,,,,,,,,,,,,,,,,,,,,,,,,,,,,,,,,,,,,,,,,,
244,,,,,,,,,,,,,,,,,,,,,,,,,,,,,,,,,,,,,,,,,,,,,,,,,,
245,,,,,,,,,,,,,,,,,,,,,,,,,,,,,,,,,,,,,,,,,,,,,,,,,,
246,,,,,,,,,,,,,,,,,,,,,,,,,,,,,,,,,,,,,,,,,,,,,,,,,,
247,,,,,,,,,,,,,,,,,,,,,,,,,,,,,,,,,,,,,,,,,,,,,,,,,,
248,,,,,,,,,,,,,,,,,,,,,,,,,,,,,,,,,,,,,,,,,,,,,,,,,,
249,,,,,,,,,,,,,,,,,,,,,,,,,,,,,,,,,,,,,,,,,,,,,,,,,,
250,,,,,,,,,,,,,,,,,,,,,,,,,,,,,,,,,,,,,,,,,,,,,,,,,,
251,,,,,,,,,,,,,,,,,,,,,,,,,,,,,,,,,,,,,,,,,,,,,,,,,,
252,,,,,,,,,,,,,,,,,,,,,,,,,,,,,,,,,,,,,,,,,,,,,,,,,,
253,,,,,,,,,,,,,,,,,,,,,,,,,,,,,,,,,,,,,,,,,,,,,,,,,,
254,,,,,,,,,,,,,,,,,,,,,,,,,,,,,,,,,,,,,,,,,,,,,,,,,,
255,,,,,,,,,,,,,,,,,,,,,,,,,,,,,,,,,,,,,,,,,,,,,,,,,,
256,,,,,,,,,,,,,,,,,,,,,,,,,,,,,,,,,,,,,,,,,,,,,,,,,,
257,,,,,,,,,,,,,,,,,,,,,,,,,,,,,,,,,,,,,,,,,,,,,,,,,,
258,,,,,,,,,,,,,,,,,,,,,,,,,,,,,,,,,,,,,,,,,,,,,,,,,,
259,,,,,,,,,,,,,,,,,,,,,,,,,,,,,,,,,,,,,,,,,,,,,,,,,,
260,0.5089578032493591,0.430073082447052,0.4880240559577942,0.4952455759048462,0.4444629251956939,0.6934130191802979,0.4707686901092529,0.5102990865707397,0.565005362033844,0.5361911654472351,0.4876512587070465,0.4532298147678375,0.5733492374420166,0.5364519357681274,0.3733230531215668,0.4843954145908355,0.5313253998756409,0.4399328529834747,0.6926982402801514,0.5387817621231079,0.4706011712551117,0.4637631177902221,0.5095365643501282,0.4402734637260437,0.4765344262123108,0.4785184860229492,0.4393541812896728,0.4616885483264923,0.5216124057769775,0.5941221117973328,0.3644064664840698,0.5456159114837646,0.4123212397098541,0.4869717061519623,0.5112627148628235,0.6137582659721375,0.5175426006317139,0.5559244155883789,0.5207002758979797,0.4986403286457062,0.6960354447364807,0.4896425902843475,0.550734281539917,0.5175132155418396,0.5215823650360107,0.5017197132110596,0.4455728232860565,0.5157887935638428,0.4694845080375671,0.5172644257545471
261,,,,,,,,,,,,,,,,,,,,,,,,,,,,,,,,,,,,,,,,,,,,,,,,,,
262,,,,,,,,,,,,,,,,,,,,,,,,,,,,,,,,,,,,,,,,,,,,,,,,,,
263,,,,,,,,,,,,,,,,,,,,,,,,,,,,,,,,,,,,,,,,,,,,,,,,,,
264,,,,,,,,,,,,,,,,,,,,,,,,,,,,,,,,,,,,,,,,,,,,,,,,,,
265,,,,,,,,,,,,,,,,,,,,,,,,,,,,,,,,,,,,,,,,,,,,,,,,,,
266,,,,,,,,,,,,,,,,,,,,,,,,,,,,,,,,,,,,,,,,,,,,,,,,,,
267,,,,,,,,,,,,,,,,,,,,,,,,,,,,,,,,,,,,,,,,,,,,,,,,,,
268,,,,,,,,,,,,,,,,,,,,,,,,,,,,,,,,,,,,,,,,,,,,,,,,,,
269,,,,,,,,,,,,,,,,,,,,,,,,,,,,,,,,,,,,,,,,,,,,,,,,,,
270,,,,,,,,,,,,,,,,,,,,,,,,,,,,,,,,,,,,,,,,,,,,,,,,,,
271,,,,,,,,,,,,,,,,,,,,,,,,,,,,,,,,,,,,,,,,,,,,,,,,,,
272,,,,,,,,,,,,,,,,,,,,,,,,,,,,,,,,,,,,,,,,,,,,,,,,,,
273,,,,,,,,,,,,,,,,,,,,,,,,,,,,,,,,,,,,,,,,,,,,,,,,,,
274,,,,,,,,,,,,,,,,,,,,,,,,,,,,,,,,,,,,,,,,,,,,,,,,,,
275,,,,,,,,,,,,,,,,,,,,,,,,,,,,,,,,,,,,,,,,,,,,,,,,,,
276,,,,,,,,,,,,,,,,,,,,,,,,,,,,,,,,,,,,,,,,,,,,,,,,,,
277,,,,,,,,,,,,,,,,,,,,,,,,,,,,,,,,,,,,,,,,,,,,,,,,,,
278,,,,,,,,,,,,,,,,,,,,,,,,,,,,,,,,,,,,,,,,,,,,,,,,,,
279,,,,,,,,,,,,,,,,,,,,,,,,,,,,,,,,,,,,,,,,,,,,,,,,,,
280,0.6539978981018066,0.4351551830768585,0.4820338785648346,0.483061820268631,0.4400872886180877,0.6932441592216492,0.4697116911411285,0.512850284576416,0.5502882599830627,0.5232707262039185,0.4794443547725677,0.4674701988697052,0.5355074405670166,0.5173265933990479,0.3587846755981445,0.4507867693901062,0.4857755601406097,0.4464474618434906,0.5230751633644104,0.5298429727554321,0.4806307256221771,0.4694739580154419,0.5056966543197632,0.414073497056961,0.4856604337692261,0.4497435688972473,0.4522592425346374,0.4530147314071655,0.4955962896347046,0.6053586006164551,0.4533251523971557,0.5344352126121521,0.4179403185844421,0.4894576966762543,0.4924283623695373,0.5744235515594482,0.505191445350647,0.5485760569572449,0.4801086485385895,0.488056868314743,0.6034591197967529,0.4991592466831207,0.5440331101417542,0.4759849905967712,0.5226929187774658,0.493211567401886,0.4330711662769317,0.496623694896698,0.4601805210113525,0.4968271255493164
281,,,,,,,,,,,,,,,,,,,,,,,,,,,,,,,,,,,,,,,,,,,,,,,,,,
282,,,,,,,,,,,,,,,,,,,,,,,,,,,,,,,,,,,,,,,,,,,,,,,,,,
283,,,,,,,,,,,,,,,,,,,,,,,,,,,,,,,,,,,,,,,,,,,,,,,,,,
284,,,,,,,,,,,,,,,,,,,,,,,,,,,,,,,,,,,,,,,,,,,,,,,,,,
285,,,,,,,,,,,,,,,,,,,,,,,,,,,,,,,,,,,,,,,,,,,,,,,,,,
286,,,,,,,,,,,,,,,,,,,,,,,,,,,,,,,,,,,,,,,,,,,,,,,,,,
287,,,,,,,,,,,,,,,,,,,,,,,,,,,,,,,,,,,,,,,,,,,,,,,,,,
288,,,,,,,,,,,,,,,,,,,,,,,,,,,,,,,,,,,,,,,,,,,,,,,,,,
289,,,,,,,,,,,,,,,,,,,,,,,,,,,,,,,,,,,,,,,,,,,,,,,,,,
290,,,,,,,,,,,,,,,,,,,,,,,,,,,,,,,,,,,,,,,,,,,,,,,,,,
291,,,,,,,,,,,,,,,,,,,,,,,,,,,,,,,,,,,,,,,,,,,,,,,,,,
292,,,,,,,,,,,,,,,,,,,,,,,,,,,,,,,,,,,,,,,,,,,,,,,,,,
293,,,,,,,,,,,,,,,,,,,,,,,,,,,,,,,,,,,,,,,,,,,,,,,,,,
294,,,,,,,,,,,,,,,,,,,,,,,,,,,,,,,,,,,,,,,,,,,,,,,,,,
295,,,,,,,,,,,,,,,,,,,,,,,,,,,,,,,,,,,,,,,,,,,,,,,,,,
296,,,,,,,,,,,,,,,,,,,,,,,,,,,,,,,,,,,,,,,,,,,,,,,,,,
297,,,,,,,,,,,,,,,,,,,,,,,,,,,,,,,,,,,,,,,,,,,,,,,,,,
298,,,,,,,,,,,,,,,,,,,,,,,,,,,,,,,,,,,,,,,,,,,,,,,,,,
299,,,,,,,,,,,,,,,,,,,,,,,,,,,,,,,,,,,,,,,,,,,,,,,,,,
300,0.5718643665313721,0.4859336614608764,0.4828517436981201,0.4756485819816589,0.4541634023189544,0.6934083700180054,0.4677310883998871,0.5070222020149231,0.5762283802032471,0.5394214391708374,0.5130560398101807,0.4784579575061798,0.5730956792831421,0.5607841610908508,0.3759820461273193,0.4484637379646301,0.5066209435462952,0.4327239692211151,0.4198167026042938,0.5403121709823608,0.4970392286777496,0.4643952846527099,0.524803638458252,0.4114167392253876,0.5214253067970276,0.4590879380702972,0.4229638278484344,0.4520242214202881,0.5072184801101685,0.6013200879096985,0.3698142766952514,0.5418132543563843,0.4018191397190094,0.563494086265564,0.5001540184020996,0.5573012828826904,0.513660192489624,0.566448450088501,0.4537320435047149,0.4930239021778106,0.6511847972869873,0.454412966966629,0.5302562713623047,0.4891918301582336,0.5278527736663818,0.4732430279254913,0.4061999022960663,0.5065255761146545,0.4578121602535248,0.5380995273590088
301,,,,,,,,,,,,,,,,,,,,,,,,,,,,,,,,,,,,,,,,,,,,,,,,,,
302,,,,,,,,,,,,,,,,,,,,,,,,,,,,,,,,,,,,,,,,,,,,,,,,,,
303,,,,,,,,,,,,,,,,,,,,,,,,,,,,,,,,,,,,,,,,,,,,,,,,,,
304,,,,,,,,,,,,,,,,,,,,,,,,,,,,,,,,,,,,,,,,,,,,,,,,,,
305,,,,,,,,,,,,,,,,,,,,,,,,,,,,,,,,,,,,,,,,,,,,,,,,,,
306,,,,,,,,,,,,,,,,,,,,,,,,,,,,,,,,,,,,,,,,,,,,,,,,,,
307,,,,,,,,,,,,,,,,,,,,,,,,,,,,,,,,,,,,,,,,,,,,,,,,,,
308,,,,,,,,,,,,,,,,,,,,,,,,,,,,,,,,,,,,,,,,,,,,,,,,,,
309,,,,,,,,,,,,,,,,,,,,,,,,,,,,,,,,,,,,,,,,,,,,,,,,,,
310,,,,,,,,,,,,,,,,,,,,,,,,,,,,,,,,,,,,,,,,,,,,,,,,,,
311,,,,,,,,,,,,,,,,,,,,,,,,,,,,,,,,,,,,,,,,,,,,,,,,,,
312,,,,,,,,,,,,,,,,,,,,,,,,,,,,,,,,,,,,,,,,,,,,,,,,,,
313,,,,,,,,,,,,,,,,,,,,,,,,,,,,,,,,,,,,,,,,,,,,,,,,,,
314,,,,,,,,,,,,,,,,,,,,,,,,,,,,,,,,,,,,,,,,,,,,,,,,,,
315,,,,,,,,,,,,,,,,,,,,,,,,,,,,,,,,,,,,,,,,,,,,,,,,,,
316,,,,,,,,,,,,,,,,,,,,,,,,,,,,,,,,,,,,,,,,,,,,,,,,,,
317,,,,,,,,,,,,,,,,,,,,,,,,,,,,,,,,,,,,,,,,,,,,,,,,,,
318,,,,,,,,,,,,,,,,,,,,,,,,,,,,,,,,,,,,,,,,,,,,,,,,,,
319,,,,,,,,,,,,,,,,,,,,,,,,,,,,,,,,,,,,,,,,,,,,,,,,,,
320,0.685569703578949,0.4193295240402221,0.4911049306392669,0.4916899502277374,0.4743134975433349,0.6933760046958923,0.4549439549446106,0.4923982322216034,0.563654899597168,0.5512348413467407,0.4958606362342834,0.4506572782993316,0.5698335766792297,0.4964398145675659,0.3412127792835235,0.3993111848831177,0.5000976920127869,0.4349376261234283,0.3506440222263336,0.5328972935676575,0.4815628826618194,0.4640371203422546,0.520237922668457,0.4604808092117309,0.4568323194980621,0.4865180850028991,0.4367078840732574,0.4597326219081878,0.4816684424877167,0.5882987380027771,0.4083060920238495,0.5062644481658936,0.4125641882419586,0.4970565438270569,0.5115847587585449,0.5566279888153076,0.5120684504508972,0.5424810647964478,0.4822017252445221,0.4837909638881683,0.6200883984565735,0.4986322820186615,0.6592108011245728,0.4484027028083801,0.5041873455047607,0.5293476581573486,0.4144397675991058,0.5064941048622131,0.4767173826694488,0.4928143620491028
321,,,,,,,,,,,,,,,,,,,,,,,,,,,,,,,,,,,,,,,,,,,,,,,,,,
322,,,,,,,,,,,,,,,,,,,,,,,,,,,,,,,,,,,,,,,,,,,,,,,,,,
323,,,,,,,,,,,,,,,,,,,,,,,,,,,,,,,,,,,,,,,,,,,,,,,,,,
324,,,,,,,,,,,,,,,,,,,,,,,,,,,,,,,,,,,,,,,,,,,,,,,,,,
325,,,,,,,,,,,,,,,,,,,,,,,,,,,,,,,,,,,,,,,,,,,,,,,,,,
326,,,,,,,,,,,,,,,,,,,,,,,,,,,,,,,,,,,,,,,,,,,,,,,,,,
327,,,,,,,,,,,,,,,,,,,,,,,,,,,,,,,,,,,,,,,,,,,,,,,,,,
328,,,,,,,,,,,,,,,,,,,,,,,,,,,,,,,,,,,,,,,,,,,,,,,,,,
329,,,,,,,,,,,,,,,,,,,,,,,,,,,,,,,,,,,,,,,,,,,,,,,,,,
330,,,,,,,,,,,,,,,,,,,,,,,,,,,,,,,,,,,,,,,,,,,,,,,,,,
331,,,,,,,,,,,,,,,,,,,,,,,,,,,,,,,,,,,,,,,,,,,,,,,,,,
332,,,,,,,,,,,,,,,,,,,,,,,,,,,,,,,,,,,,,,,,,,,,,,,,,,
333,,,,,,,,,,,,,,,,,,,,,,,,,,,,,,,,,,,,,,,,,,,,,,,,,,
334,,,,,,,,,,,,,,,,,,,,,,,,,,,,,,,,,,,,,,,,,,,,,,,,,,
335,,,,,,,,,,,,,,,,,,,,,,,,,,,,,,,,,,,,,,,,,,,,,,,,,,
336,,,,,,,,,,,,,,,,,,,,,,,,,,,,,,,,,,,,,,,,,,,,,,,,,,
337,,,,,,,,,,,,,,,,,,,,,,,,,,,,,,,,,,,,,,,,,,,,,,,,,,
338,,,,,,,,,,,,,,,,,,,,,,,,,,,,,,,,,,,,,,,,,,,,,,,,,,
339,,,,,,,,,,,,,,,,,,,,,,,,,,,,,,,,,,,,,,,,,,,,,,,,,,
340,0.4952288568019867,0.4258962869644165,0.4679449796676636,0.4515397250652313,0.4281224012374878,0.6934990882873535,0.4581151902675628,0.4614882171154022,0.6537086367607117,0.5341260433197021,0.488604187965393,0.4371896982192993,0.5906983017921448,0.5164651870727539,0.3448088467121124,0.4332092702388763,0.5073279142379761,0.4230865240097046,0.3942215740680694,0.5641483068466187,0.4837031960487366,0.462004542350769,0.5125417113304138,0.4295959174633026,0.4468014240264892,0.4545090794563293,0.4306972026824951,0.4739607870578766,0.4998160302639007,0.5703549385070801,0.3507930636405945,0.4762743413448334,0.3930203914642334,0.4461251199245453,0.5021896362304688,0.5834307670593262,0.5339512825012207,0.5328341722488403,0.463688313961029,0.4916516840457916,0.5999873876571655,0.5082495212554932,0.5203030705451965,0.4657667279243469,0.494731068611145,0.5310888290405273,0.4134909510612488,0.5607314109802246,0.4589152932167053,0.4789330959320068
341,,,,,,,,,,,,,,,,,,,,,,,,,,,,,,,,,,,,,,,,,,,,,,,,,,
342,,,,,,,,,,,,,,,,,,,,,,,,,,,,,,,,,,,,,,,,,,,,,,,,,,
343,,,,,,,,,,,,,,,,,,,,,,,,,,,,,,,,,,,,,,,,,,,,,,,,,,
344,,,,,,,,,,,,,,,,,,,,,,,,,,,,,,,,,,,,,,,,,,,,,,,,,,
345,,,,,,,,,,,,,,,,,,,,,,,,,,,,,,,,,,,,,,,,,,,,,,,,,,
346,,,,,,,,,,,,,,,,,,,,,,,,,,,,,,,,,,,,,,,,,,,,,,,,,,
347,,,,,,,,,,,,,,,,,,,,,,,,,,,,,,,,,,,,,,,,,,,,,,,,,,
348,,,,,,,,,,,,,,,,,,,,,,,,,,,,,,,,,,,,,,,,,,,,,,,,,,
349,,,,,,,,,,,,,,,,,,,,,,,,,,,,,,,,,,,,,,,,,,,,,,,,,,
350,,,,,,,,,,,,,,,,,,,,,,,,,,,,,,,,,,,,,,,,,,,,,,,,,,
351,,,,,,,,,,,,,,,,,,,,,,,,,,,,,,,,,,,,,,,,,,,,,,,,,,
352,,,,,,,,,,,,,,,,,,,,,,,,,,,,,,,,,,,,,,,,,,,,,,,,,,
353,,,,,,,,,,,,,,,,,,,,,,,,,,,,,,,,,,,,,,,,,,,,,,,,,,
354,,,,,,,,,,,,,,,,,,,,,,,,,,,,,,,,,,,,,,,,,,,,,,,,,,
355,,,,,,,,,,,,,,,,,,,,,,,,,,,,,,,,,,,,,,,,,,,,,,,,,,
356,,,,,,,,,,,,,,,,,,,,,,,,,,,,,,,,,,,,,,,,,,,,,,,,,,
357,,,,,,,,,,,,,,,,,,,,,,,,,,,,,,,,,,,,,,,,,,,,,,,,,,
358,,,,,,,,,,,,,,,,,,,,,,,,,,,,,,,,,,,,,,,,,,,,,,,,,,
359,,,,,,,,,,,,,,,,,,,,,,,,,,,,,,,,,,,,,,,,,,,,,,,,,,
360,0.5605843663215637,0.4333963692188263,0.473185122013092,0.5106423497200012,0.4722705781459808,0.6933456659317017,0.4329024255275726,0.4607507288455963,0.5686526298522949,0.5239579677581787,0.4856838583946228,0.432668000459671,0.5341899394989014,0.4902766346931457,0.3899895846843719,0.377065509557724,0.5152239799499512,0.4421076476573944,0.3842898607254028,0.5549132823944092,0.472360610961914,0.4854312539100647,0.5283550024032593,0.4434747695922851,0.4429302215576172,0.47862708568573,0.4275731146335602,0.4699005782604217,0.5037351846694946,0.596515417098999,0.4294221103191376,0.4986217617988586,0.4444140195846557,0.4662665426731109,0.496016651391983,0.539691150188446,0.5033568739891052,0.5246516466140747,0.4403776526451111,0.4726423025131225,0.5846275091171265,0.5333589315414429,0.5053316354751587,0.4430469572544098,0.4957136213779449,0.4853981733322143,0.4207073450088501,0.5297712087631226,0.43194380402565,0.4645350277423858
361,,,,,,,,,,,,,,,,,,,,,,,,,,,,,,,,,,,,,,,,,,,,,,,,,,
362,,,,,,,,,,,,,,,,,,,,,,,,,,,,,,,,,,,,,,,,,,,,,,,,,,
363,,,,,,,,,,,,,,,,,,,,,,,,,,,,,,,,,,,,,,,,,,,,,,,,,,
364,,,,,,,,,,,,,,,,,,,,,,,,,,,,,,,,,,,,,,,,,,,,,,,,,,
365,,,,,,,,,,,,,,,,,,,,,,,,,,,,,,,,,,,,,,,,,,,,,,,,,,
366,,,,,,,,,,,,,,,,,,,,,,,,,,,,,,,,,,,,,,,,,,,,,,,,,,
367,,,,,,,,,,,,,,,,,,,,,,,,,,,,,,,,,,,,,,,,,,,,,,,,,,
368,,,,,,,,,,,,,,,,,,,,,,,,,,,,,,,,,,,,,,,,,,,,,,,,,,
369,,,,,,,,,,,,,,,,,,,,,,,,,,,,,,,,,,,,,,,,,,,,,,,,,,
370,,,,,,,,,,,,,,,,,,,,,,,,,,,,,,,,,,,,,,,,,,,,,,,,,,
371,,,,,,,,,,,,,,,,,,,,,,,,,,,,,,,,,,,,,,,,,,,,,,,,,,
372,,,,,,,,,,,,,,,,,,,,,,,,,,,,,,,,,,,,,,,,,,,,,,,,,,
373,,,,,,,,,,,,,,,,,,,,,,,,,,,,,,,,,,,,,,,,,,,,,,,,,,
374,,,,,,,,,,,,,,,,,,,,,,,,,,,,,,,,,,,,,,,,,,,,,,,,,,
375,,,,,,,,,,,,,,,,,,,,,,,,,,,,,,,,,,,,,,,,,,,,,,,,,,
376,,,,,,,,,,,,,,,,,,,,,,,,,,,,,,,,,,,,,,,,,,,,,,,,,,
377,,,,,,,,,,,,,,,,,,,,,,,,,,,,,,,,,,,,,,,,,,,,,,,,,,
378,,,,,,,,,,,,,,,,,,,,,,,,,,,,,,,,,,,,,,,,,,,,,,,,,,
379,,,,,,,,,,,,,,,,,,,,,,,,,,,,,,,,,,,,,,,,,,,,,,,,,,
380,0.5870819687843323,0.4036019146442413,0.4942061305046081,0.4453393816947937,0.4529907703399658,0.6932280659675598,0.4433993399143219,0.47395920753479,0.5791292786598206,0.5283860564231873,0.4812368750572204,0.4329279959201813,0.5863566994667053,0.4746923446655273,0.3582060635089874,0.3539270162582397,0.5215616822242737,0.4144005179405212,0.3724178969860077,0.5610565543174744,0.4604414403438568,0.4840597510337829,0.4948523640632629,0.4999452233314514,0.4467549622058868,0.4592449069023132,0.4134900569915771,0.4672187864780426,0.521328330039978,0.5861006379127502,0.3579117059707641,0.4813610017299652,0.408217042684555,0.4436655342578888,0.4852462708950043,0.5393753051757812,0.4821255207061767,0.5158288478851318,0.4489999413490295,0.4862939119338989,0.6109634637832642,0.4923524856567383,0.4822267293930053,0.489375352859497,0.4922008812427521,0.4806447625160217,0.4197488129138946,0.4993641376495361,0.4327643513679504,0.4973787367343902
381,,,,,,,,,,,,,,,,,,,,,,,,,,,,,,,,,,,,,,,,,,,,,,,,,,
382,,,,,,,,,,,,,,,,,,,,,,,,,,,,,,,,,,,,,,,,,,,,,,,,,,
383,,,,,,,,,,,,,,,,,,,,,,,,,,,,,,,,,,,,,,,,,,,,,,,,,,
384,,,,,,,,,,,,,,,,,,,,,,,,,,,,,,,,,,,,,,,,,,,,,,,,,,
385,,,,,,,,,,,,,,,,,,,,,,,,,,,,,,,,,,,,,,,,,,,,,,,,,,
386,,,,,,,,,,,,,,,,,,,,,,,,,,,,,,,,,,,,,,,,,,,,,,,,,,
387,,,,,,,,,,,,,,,,,,,,,,,,,,,,,,,,,,,,,,,,,,,,,,,,,,
388,,,,,,,,,,,,,,,,,,,,,,,,,,,,,,,,,,,,,,,,,,,,,,,,,,
389,,,,,,,,,,,,,,,,,,,,,,,,,,,,,,,,,,,,,,,,,,,,,,,,,,
390,,,,,,,,,,,,,,,,,,,,,,,,,,,,,,,,,,,,,,,,,,,,,,,,,,
391,,,,,,,,,,,,,,,,,,,,,,,,,,,,,,,,,,,,,,,,,,,,,,,,,,
392,,,,,,,,,,,,,,,,,,,,,,,,,,,,,,,,,,,,,,,,,,,,,,,,,,
393,,,,,,,,,,,,,,,,,,,,,,,,,,,,,,,,,,,,,,,,,,,,,,,,,,
394,,,,,,,,,,,,,,,,,,,,,,,,,,,,,,,,,,,,,,,,,,,,,,,,,,
395,,,,,,,,,,,,,,,,,,,,,,,,,,,,,,,,,,,,,,,,,,,,,,,,,,
396,,,,,,,,,,,,,,,,,,,,,,,,,,,,,,,,,,,,,,,,,,,,,,,,,,
397,,,,,,,,,,,,,,,,,,,,,,,,,,,,,,,,,,,,,,,,,,,,,,,,,,
398,,,,,,,,,,,,,,,,,,,,,,,,,,,,,,,,,,,,,,,,,,,,,,,,,,
399,,,,,,,,,,,,,,,,,,,,,,,,,,,,,,,,,,,,,,,,,,,,,,,,,,
400,0.499002993106842,0.3950294852256775,0.4710263907909393,0.4415951073169708,0.4671633541584015,0.6931658387184143,0.4371728599071502,0.4752484560012817,0.5740613341331482,0.5317223072052002,0.4889263212680816,0.3897594511508941,0.6068518757820129,0.5645725727081299,0.310960054397583,0.3393385708332062,0.4963060319423675,0.4424795806407928,0.3806984424591064,0.5539364814758301,0.4896774291992187,0.4760765135288238,0.4816345572471618,0.4194086790084839,0.4412649869918823,0.4570134878158569,0.4502834975719452,0.4594756066799164,0.5008773803710938,0.5954974889755249,0.3274000287055969,0.4598111808300018,0.406834065914154,0.4400812983512878,0.467742770910263,0.5633499026298523,0.5219205617904663,0.5461622476577759,0.4385270774364471,0.4782015681266784,0.5973732471466064,0.544127881526947,0.510928750038147,0.4590099453926086,0.5010936856269836,0.4766643643379211,0.414463460445404,0.5086154341697693,0.4440169632434845,0.5112854242324829
